1732.0
505.0
28
true
0.0
810.0
3200.0
15.0
162.0
702.0
50.0
15.0
255.0
590.0
50.0
15.0
378.0
658.0
50.0
15.0
484.0
759.0
50.0
15.0
634.0
682.0
50.0
15.0
802.0
598.0
50.0
15.0
903.0
719.0
50.0
15.0
1050.0
631.0
50.0
15.0
1163.0
737.0
50.0
15.0
1409.0
646.0
50.0
15.0
1711.0
736.0
50.0
15.0
1843.0
603.0
50.0
15.0
2030.0
590.0
50.0
15.0
2060.0
712.0
50.0
15.0
2236.0
636.0
50.0
15.0
2357.0
732.0
50.0
15.0
2530.0
634.0
50.0
15.0
2693.0
714.0
50.0
15.0
2873.0
640.0
50.0
15.0
2971.0
698.0
50.0
15.0
;
1445.0
752.5
100
1435.0
750.0
100
